{
  "covariances": [
    [
      88.39766338079602,
      -13.768626871120857,
      0.3179102572337266,
      3.9028599262447083,
      22.925288397441225,
      26.021139975572442,
      3.1491127854988807,
      -3.6091448092673937,
      7.948590332652414,
      2.0334351220194185,
      20.235504945306793,
      -2.012419631550496,
      -9.676214721612835,
      2.4790155097595807,
      3.8780190964855645,
      1.977762283018537,
      1.1943716475441764,
      2.5516935404794063,
      2.156394568046605,
      2.0410607320918697,
      -0.5900855864545956,
      -0.24516743107179992,
      -1.113772113930044,
      1.65890261164552,
      2.951150929053149,
      0.15673667246733083,
      -0.3629807393199663,
      -1.660655767151489,
      -1.9457587732784507,
      3.6263405203718464,
      4.675619743207435,
      -4.358121075304636,
      -0.7822314663149217,
      -2.6168854416842104,
      2.4882459015978076,
      15.37873059202027,
      12.020333354277794,
      29.868709895477686,
      16.6043040953463,
      13.126736078613224,
      10.616177432162923,
      13.115394946787557,
      1.3720548523821716,
      1.7000466423248868,
      34.987629327800285,
      -2.3207113593572286,
      4.12463029633815,
      2.137450537648305,
      2.6649897223568217,
      0.5199410861693926,
      2.720942937746798,
      1.4234549092792195,
      -1.6276136855605465,
      -2.1547325335208325,
      11.870669186262791,
      2.3080306542526605,
      1.7147628199728704,
      6.4930190822737535,
      3.357387746389421,
      2.548069979306282,
      -5.020708034993517,
      15.88061776692158,
      6.8581627811468096,
      10.812636525848205,
      9.253513456036638,
      5.078234923053871,
      3.504300570494629,
      0.3055561263441995,
      -0.2842539316922615
    ],
    [
      -13.768626871120857,
      61.77485024552762,
      0.7115923882545592,
      3.5841039658247995,
      9.33961627376749,
      3.41052040176614,
      6.244896949085373,
      16.809742987568313,
      2.098976004345475,
      2.471148516304969,
      17.68051613048188,
      10.443025076548212,
      30.57170171259463,
      10.155981281961594,
      4.933899018767778,
      6.138872587236763,
      5.401305531030275,
      5.683138119989626,
      2.48837067633659,
      2.6069168466711106,
      8.389451060281067,
      9.677902811484213,
      10.609704865824272,
      7.056565904795948,
      7.585056573753545,
      9.021790549926648,
      8.506930322424296,
      9.447223337656837,
      7.3872444109020154,
      2.803005477791076,
      2.9535029765036107,
      36.08061137713843,
      18.31073034872546,
      15.019495820956237,
      1.9283971170698664,
      2.447139308641843,
      0.29724353028808115,
      13.91266667977909,
      8.383539605454514,
      5.645963561870795,
      4.726061870276805,
      3.260197272684941,
      0.8198917488407345,
      2.802279396165302,
      30.635929738122467,
      3.6541490624693647,
      6.2275554789083305,
      4.3678619084906325,
      7.098452956132618,
      2.4472664661201793,
      5.5418176057791415,
      2.9962239886713937,
      2.9418109197388165,
      4.64263288173124,
      6.895027150096752,
      6.258546490959328,
      6.602855510762523,
      1.7631691516468582,
      5.800349126478053,
      4.876872745436029,
      35.73804523215689,
      15.249896335312703,
      5.067112633750228,
      8.344160397544455,
      9.35677488655028,
      6.434824357225765,
      3.063750359928142,
      3.760625474704973,
      5.945719792549685
    ],
    [
      0.3179102572337266,
      0.7115923882545592,
      0.06013553659538483,
      0.48245187056342265,
      2.097632853549633,
      2.2969596641514114,
      0.3578299378636691,
      0.3854003350275377,
      0.826189455475612,
      0.19930499841041888,
      2.310784499457214,
      0.20306560710824165,
      0.3145852248938138,
      1.1397737860610602,
      0.75137324910006,
      0.6514065343135748,
      0.2913706214520553,
      0.34818375899624243,
      0.2709855386605712,
      0.3416158462460004,
      0.14498318094071588,
      0.267929416404433,
      0.23226214485803862,
      0.2558383216459697,
      0.4729690533608919,
      0.3560880124759865,
      0.3579588745086885,
      0.23367149589590425,
      0.15175240439055754,
      0.38897365532718403,
      0.4702793290194698,
      0.7038497086830562,
      0.42190153505506933,
      0.23907861093313998,
      0.17115906344723342,
      1.3187009217688639,
      0.9560715172906705,
      2.4287207811630798,
      1.3230757837108431,
      1.1116862789041018,
      1.1052388835832754,
      1.093575521642202,
      0.17153398461938846,
      0.2677874419070527,
      1.942321310942185,
      -0.014792642499533987,
      0.23944910246918574,
      0.2591656051916144,
      0.15725453271794418,
      0.07502783843125749,
      0.3740449892611962,
      0.16113775113299922,
      0.033664326237502214,
      0.02814942975000329,
      1.0673944375033122,
      0.3706987761934656,
      0.32147141451669375,
      0.7327627007866648,
      1.0365239803820259,
      0.2699691021537471,
      0.5934745011674478,
      1.422497853175695,
      0.41032311915709946,
      1.1789296614586862,
      1.1046251011937755,
      0.22364403994629747,
      0.4802811000938537,
      0.17012755304808766,
      0.19926752130347572
    ],
    [
      3.9028599262447083,
      3.5841039658247995,
      0.48245187056342265,
      7.327766403366731,
      20.745610646741152,
      23.390991118450792,
      4.109183063295243,
      2.4603651223909733,
      6.909584614021167,
      1.8931647275404495,
      18.724383919360566,
      1.3671793154535574,
      0.7632286417721803,
      7.315448034046493,
      5.510775418610321,
      4.834241970139679,
      2.361839367384202,
      3.6020449852943486,
      2.889320343660064,
      3.000222244226812,
      0.7236268958256759,
      2.414831604993402,
      2.0767683540364503,
      2.246394913734223,
      4.403851726648088,
      3.023744364440321,
      3.7719963653737674,
      1.4122325313765236,
      1.0545601035473635,
      3.29162133854841,
      4.00187829453482,
      3.71068708629412,
      2.145241508504768,
      1.5253163098486282,
      1.6868503663831225,
      13.434657210854555,
      9.990956823753521,
      22.52674213870672,
      12.089419026034166,
      10.49221332941007,
      10.185278819257789,
      11.249321049414904,
      2.4633888794437238,
      3.941798423274317,
      19.564792796123857,
      0.12842848800959702,
      2.010207659731209,
      1.8412047740311301,
      1.004832161586348,
      0.5035158839034103,
      4.088689855411158,
      1.8304324898118007,
      0.12303490605919229,
      0.11612002898291092,
      11.122484363513134,
      3.2620852173720962,
      3.1912944267488856,
      6.654062999656335,
      6.914575032165878,
      2.3452410774583115,
      2.8211820341201745,
      11.336461034600495,
      3.5136634940637865,
      9.501194119233986,
      9.066200003072664,
      1.339370594529909,
      6.4158054202573345,
      1.4314594200424218,
      1.1766567949405737
    ],
    [
      22.925288397441225,
      9.33961627376749,
      2.097632853549633,
      20.745610646741152,
      98.95635072568265,
      101.59694539590487,
      13.408031526891362,
      7.268419421998043,
      31.559491820654618,
      7.725667308800647,
      84.84956662258323,
      3.169840301005499,
      1.070096968370849,
      36.43200649395649,
      24.894594653790524,
      21.94222675728164,
      9.756215843707523,
      12.308297267524306,
      11.939254089129353,
      14.704533862489336,
      4.5293951175085,
      9.622742926212752,
      5.043123391624648,
      9.8855124523028,
      19.821339328253266,
      13.270852161358661,
      12.67580337675541,
      4.56850292353438,
      2.704130366674221,
      14.283705086942017,
      17.325145234938276,
      15.079699363620136,
      10.002232394920235,
      4.098488997225697,
      5.854939053109487,
      58.596356823231844,
      43.03844644875277,
      96.55196025386715,
      53.74599079976568,
      43.04248443102769,
      51.12216362488129,
      49.328444973529706,
      7.579414411320569,
      10.684713672348726,
      81.14682514236699,
      -1.5146102052820063,
      8.336543490850733,
      8.370588886865676,
      3.2128965118732133,
      1.9711171086300934,
      15.094700977901939,
      5.847262541271412,
      1.2283192922437114,
      1.3155784796729362,
      44.807141700070886,
      16.268587892562696,
      12.66352573012158,
      29.542248178969395,
      34.27415031093265,
      8.841900181309345,
      10.065018567759392,
      52.420251763222474,
      16.684235194278877,
      46.06872612536647,
      37.715462593586025,
      5.12378296738115,
      20.0598023474507,
      5.613881570836539,
      3.8397540310672853
    ],
    [
      26.021139975572442,
      3.41052040176614,
      2.2969596641514114,
      23.390991118450792,
      101.59694539590487,
      118.76163278627239,
      14.307664879338963,
      7.744564411824411,
      34.93710850937682,
      7.927207919844849,
      94.70003370697731,
      3.395262014050614,
      -1.5263279478910716,
      40.30059011654072,
      27.904565574864726,
      23.942298618572558,
      10.054130773914348,
      12.942182573602796,
      11.741786005929484,
      15.304266298656843,
      2.5376261212194193,
      8.02738809695285,
      4.779424799957237,
      9.131422029386629,
      18.998226564316155,
      12.24766575332989,
      13.10097709832579,
      4.986902168229512,
      2.7506456213932244,
      15.439977798059022,
      18.931061097582845,
      13.798115971378744,
      9.323570718111807,
      3.815254356015782,
      6.41942702674969,
      67.55911769744566,
      49.351553282751446,
      109.32561432828732,
      60.79723864561249,
      48.789121717408065,
      52.18699550421059,
      54.14303110485256,
      8.608181725364723,
      12.134019251953683,
      81.83386904067875,
      -2.8019894287754443,
      7.678843504757051,
      8.74160844918559,
      1.8067860426920364,
      1.844302662223902,
      16.21576296944716,
      6.233275219572138,
      0.10201469110402459,
      -0.7500096632702649,
      48.30631259172748,
      14.896779923535291,
      12.322399732299177,
      32.819811452609386,
      37.70800874697587,
      9.298062661155582,
      7.341281993827051,
      56.77435313296697,
      16.460952875270753,
      50.973411441395974,
      42.54604189556527,
      4.3869507156700935,
      22.881088766767217,
      6.245264242396261,
      5.208710891438604
    ],
    [
      3.1491127854988807,
      6.244896949085373,
      0.3578299378636691,
      4.109183063295243,
      13.408031526891362,
      14.307664879338963,
      5.583708729405816,
      2.083067891044554,
      4.55528613418571,
      1.5358488973693323,
      12.611072791957946,
      2.47226921989564,
      2.275884440467425,
      5.3836127443458555,
      4.306719561706991,
      4.191427137973364,
      1.9528966858733845,
      3.762978148652441,
      2.6598605466234417,
      1.832924663467026,
      1.5070380150289764,
      2.189737366459229,
      2.357944086672182,
      2.4238339777869307,
      3.1763245518910335,
      1.7625158107492325,
      2.9755798093923747,
      0.9967210976052104,
      1.089997533878155,
      2.3619318771841087,
      2.82932324988195,
      4.039961419131209,
      2.204695744633129,
      1.7846554992378223,
      1.6212411351888814,
      7.590867753235781,
      6.740411697252821,
      14.899333356451075,
      7.257409646376184,
      7.7027820477351865,
      5.921088949689063,
      7.495337933465398,
      1.7515183563343877,
      2.008925886523818,
      15.296838742626164,
      0.21888047393915083,
      1.5323973626787566,
      1.1180697018411927,
      1.0044361339575891,
      1.6800722056495179,
      4.447667520395641,
      2.7271398087778165,
      0.1690055100454419,
      -0.014506982316570357,
      8.27803368422903,
      2.8823726797179745,
      2.7071383922564416,
      4.321699230295416,
      5.487658653460621,
      2.161803787076292,
      4.106438212056153,
      6.714773366143073,
      2.6575687920115527,
      5.8155718495079425,
      6.763854788591696,
      0.8803089078011916,
      3.741731207745023,
      0.8018391127826103,
      1.7855897240149785
    ],
    [
      -3.6091448092673937,
      16.809742987568313,
      0.3854003350275377,
      2.4603651223909733,
      7.268419421998043,
      7.744564411824411,
      2.083067891044554,
      9.560264389822155,
      3.1068710777368875,
      1.334305383218377,
      11.627160616280923,
      3.4320377268254925,
      11.777441944212185,
      6.0645962989975235,
      3.916925947840217,
      2.9810809794297257,
      2.2777746260776284,
      3.1047890571724657,
      1.8652063603579623,
      1.84014537807801,
      2.3822170271488594,
      3.240262197729665,
      3.829385369184024,
      2.062536966259501,
      3.233441693801094,
      3.8534784695964466,
      3.4634054931490095,
      5.45464325878191,
      4.110756475484534,
      2.0309390203915214,
      2.4020779197503686,
      13.232668058827874,
      6.340076855393049,
      6.03543874876537,
      0.978583063531736,
      5.225165918736606,
      2.241912253714615,
      10.739431936485852,
      6.024744538689119,
      4.747345492078247,
      4.5465109636409125,
      2.8515221680806855,
      0.4297355013534254,
      1.8407848153585684,
      7.2162081360323445,
      0.45742972043957425,
      1.665831951353329,
      1.3876096782150469,
      2.116026390451804,
      0.6906736797421588,
      1.6757175561047244,
      0.9438453035153045,
      0.9034242583320654,
      1.4098435042009172,
      4.166454918927709,
      2.0976617116756633,
      2.1602429919084796,
      2.428875015883578,
      4.546327515324009,
      2.0918305920013176,
      12.956830978136638,
      6.0914210301219365,
      1.0818454400275213,
      5.153642200169054,
      6.427944081159136,
      1.6986834717444814,
      2.124762666913402,
      1.9255052657459215,
      2.2691899888303677
    ],
    [
      7.948590332652414,
      2.098976004345475,
      0.826189455475612,
      6.909584614021167,
      31.559491820654618,
      34.93710850937682,
      4.55528613418571,
      3.1068710777368875,
      14.323621648885064,
      2.725926968299221,
      34.01387865760752,
      1.451234746823048,
      -0.4852423214011384,
      17.038608591385742,
      11.484755334042287,
      9.708392123130523,
      3.6990231194711214,
      4.338655163540554,
      3.683932956550718,
      4.88701494428018,
      0.5078545337822441,
      2.235178077493952,
      1.7524929693823852,
      2.903073655453332,
      5.772860223633381,
      3.710402387690791,
      4.093364526529581,
      1.9787562286195488,
      1.1224922328110047,
      6.134406928653226,
      7.441675574279468,
      4.814741973126258,
      3.502468603774687,
      1.248427421751295,
      2.4483963779517075,
      19.61373874844888,
      15.027693816909824,
      36.231948890213665,
      19.43827285596457,
      16.867328688414975,
      16.622218241391497,
      16.881440594148867,
      2.5848746600556143,
      3.7179115698650116,
      26.932333937449346,
      -1.0583916797507296,
      3.0936395645652404,
      3.5243771761762837,
      1.724901378387022,
      0.7775637490539308,
      4.805081027719717,
      2.0283238752320445,
      -0.2501807065865811,
      -0.9425363742642912,
      16.06805785284607,
      4.674589463373897,
      3.888059397142467,
      12.416729472440824,
      16.159438733170578,
      3.425893585515141,
      3.2801441554545603,
      21.002516298167663,
      6.040162554727902,
      17.545302225572687,
      15.965030680202934,
      2.9157034255639056,
      7.185314776001083,
      1.9970890730829378,
      2.4120431251516385
    ],
    [
      2.0334351220194185,
      2.471148516304969,
      0.19930499841041888,
      1.8931647275404495,
      7.725667308800647,
      7.927207919844849,
      1.5358488973693323,
      1.334305383218377,
      2.725926968299221,
      1.3647768997333578,
      7.236124284614873,
      0.7858590308608129,
      1.1123712460960675,
      3.524518759230308,
      2.3279353133799323,
      2.164431851569028,
      1.1941403229328775,
      1.528912069397093,
      1.1679863963890056,
      1.3131980273989234,
      0.6361223865223911,
      1.0407047894499237,
      0.9135371961446638,
      0.7852068107563365,
      1.7984640333819244,
      1.2483887045311635,
      1.2144625259597648,
      0.7636581164774652,
      0.5716053401047334,
      1.4544426708482063,
      1.7478738643595328,
      2.260454952002971,
      1.2179595719759095,
      0.9175347321365693,
      0.8846143923538341,
      4.455846507462477,
      3.446361010102407,
      7.878804532830912,
      4.263224236548894,
      3.6428820835589235,
      4.135306109028391,
      3.770231530403521,
      0.7504604583447957,
      1.0290070520185277,
      8.149719105667272,
      -0.08203550931342567,
      0.7566152620312672,
      0.6467063533086592,
      0.24605644756357845,
      0.3867783351937594,
      1.4597302189720704,
      0.736459786850789,
      0.07196130348488874,
      -0.038777336283933414,
      4.453247935161018,
      1.571076694899087,
      1.2724543985499948,
      2.4523881029115158,
      3.3063578383484837,
      1.168610718182822,
      1.9078024411433991,
      4.627633755043177,
      1.5550981410676004,
      3.8286561876387397,
      3.336571626033479,
      0.11558734540593951,
      1.8614481717968505,
      0.5887357636961242,
      0.5810770901252142
    ],
    [
      20.235504945306793,
      17.68051613048188,
      2.310784499457214,
      18.724383919360566,
      84.84956662258323,
      94.70003370697731,
      12.611072791957946,
      11.627160616280923,
      34.01387865760752,
      7.236124284614873,
      99.08909727246747,
      6.229348886380654,
      5.093676296332612,
      47.42367560681667,
      31.294116804397873,
      25.52943527581688,
      10.909346962922726,
      12.7204227323349,
      10.216796955611068,
      13.157215850078055,
      4.374311742414051,
      9.192227716946913,
      7.273488250716658,
      8.603142688014495,
      17.944908971541285,
      13.032381593269449,
      12.45237922112137,
      7.185082942850304,
      4.436318113932365,
      15.042940717719041,
      18.765996268443246,
      21.253652043923857,
      14.314633630270123,
      6.131249923709218,
      6.552012453760051,
      54.30886505453375,
      39.49068205432067,
      103.48101991318335,
      55.83288495502999,
      47.883514662568835,
      45.154234379402766,
      44.38436436022956,
      6.61420105945774,
      10.240415188450752,
      75.41342396628555,
      -1.378518623526863,
      9.710890949053026,
      10.82762906056675,
      6.527174486313148,
      2.3410362963278772,
      13.513028188342416,
      5.59069348308785,
      0.7322308081275635,
      0.022270061325909876,
      42.61615934120326,
      13.980506608031167,
      11.673434598950367,
      30.091148555610683,
      42.95739638035045,
      10.145051205225352,
      17.279745710563162,
      60.68896313739864,
      16.931886317663373,
      50.513892166634214,
      47.33101534069559,
      10.348081012299442,
      18.70754310673126,
      6.147917978008647,
      7.227486498750939
    ],
    [
      -2.012419631550496,
      10.443025076548212,
      0.20306560710824165,
      1.3671793154535574,
      3.169840301005499,
      3.395262014050614,
      2.47226921989564,
      3.4320377268254925,
      1.451234746823048,
      0.7858590308608129,
      6.229348886380654,
      9.61622964074804,
      5.454736828802759,
      3.3482008894560846,
      1.9124664187712759,
      2.1866912717987925,
      1.361227261587874,
      2.0741757854107004,
      0.843582811582296,
      0.929530803979065,
      3.1666189720668316,
      3.5757852379212562,
      6.954697406256265,
      3.531358218022189,
      3.288496496288117,
      3.0385477600149797,
      5.938449767649763,
      2.091988614992222,
      1.3354078050458338,
      0.8479027853711113,
      1.1185570602567763,
      3.5334527456627347,
      0.12048527624717636,
      2.7611830533946518,
      0.3609861618170668,
      2.248372599189059,
      1.025206337510504,
      5.693126980738201,
      3.722948130518033,
      2.073270504308054,
      0.7970970242002711,
      1.0285221017704234,
      0.890447584875258,
      0.9725578877963068,
      14.721035851939238,
      2.1456369422790473,
      0.6545434648840599,
      -0.8588928596405371,
      0.9085292340047204,
      1.171844787635971,
      2.3493075944516266,
      1.4019406091447677,
      1.2526817033833288,
      2.3120106154750846,
      2.9359453642182465,
      2.270706533987412,
      2.913762654425242,
      1.42548273960161,
      2.3908032257922054,
      1.0535507284938368,
      6.392604785822536,
      -1.1668523748830557,
      0.28157977370962195,
      2.8784210840537026,
      3.2652307811863563,
      1.4458513336106043,
      2.2451640326275797,
      1.1207576210081664,
      4.640462031999032
    ],
    [
      -9.676214721612835,
      30.57170171259463,
      0.3145852248938138,
      0.7632286417721803,
      1.070096968370849,
      -1.5263279478910716,
      2.275884440467425,
      11.777441944212185,
      -0.4852423214011384,
      1.1123712460960675,
      5.093676296332612,
      5.454736828802759,
      22.082736290435815,
      3.112116537830582,
      1.193367474180004,
      1.3469091180868966,
      2.3651002028683257,
      3.0769803021500173,
      1.5011095146520885,
      1.3999559734908733,
      3.8592938874580507,
      4.4513674115734805,
      5.390969794868168,
      2.6879228590500888,
      3.2399668408760878,
      4.414660405725516,
      3.7173905650948535,
      6.597492943981472,
      5.191061501175596,
      0.7970045165296273,
      0.858518822070907,
      22.664317408219794,
      10.972330378853014,
      9.953647726276468,
      0.4662237805023043,
      0.1722456658713652,
      -2.098698809428606,
      2.9925369703089375,
      2.207545258218924,
      0.8340536295347216,
      1.5969963768480304,
      -1.2416691477599673,
      -0.2973328169128856,
      1.1463961210498523,
      1.5564057044373942,
      1.182455790488773,
      1.8011269339725842,
      1.1291790869613636,
      3.0666331633394655,
      1.1967286098689083,
      1.759087249926233,
      1.1295298777443628,
      1.6152132740256033,
      2.5849615289622685,
      1.1568166450399948,
      2.1129450429604684,
      2.2972518650804568,
      -0.5806182959446127,
      1.0215230769481856,
      1.950496132730435,
      22.257435729564996,
      1.4677817441789327,
      -0.14397161660992439,
      1.6857418965043967,
      3.5631399203390473,
      2.1221018527048257,
      0.47888840295542545,
      2.0841134441090325,
      3.05535434459387
    ],
    [
      2.4790155097595807,
      10.155981281961594,
      1.1397737860610602,
      7.315448034046493,
      36.43200649395649,
      40.30059011654072,
      5.3836127443458555,
      6.0645962989975235,
      17.038608591385742,
      3.524518759230308,
      47.42367560681667,
      3.3482008894560846,
      3.112116537830582,
      30.00144364814378,
      17.12484050371249,
      14.186265436938163,
      5.6832900665596675,
      5.961504375483612,
      4.412476731401366,
      5.84752379844404,
      2.1482961573049426,
      4.237502519428675,
      3.5081347249588832,
      3.351936926177149,
      7.885244875454768,
      6.3564949853345265,
      5.543243628416688,
      3.7048110356646453,
      2.3603598080594694,
      7.612036710795487,
      9.152602803437762,
      10.225297529452087,
      6.588934477608404,
      3.05363483408819,
      3.495216679001672,
      23.05269349269618,
      16.706607236169887,
      44.03804096291475,
      23.797671977783136,
      20.326853517762817,
      20.04877396722269,
      19.147206903471602,
      2.741269294385924,
      4.188409636313198,
      32.365705644212774,
      -0.5335038088492314,
      2.7723447273350335,
      4.787554501287925,
      0.8416220746252872,
      1.2072346745645288,
      5.869924023663417,
      2.424889935073682,
      0.39295310273496165,
      -0.10457326011724444,
      18.695969986701307,
      6.383632524385288,
      5.09650118556466,
      14.761203133181477,
      26.998195205052582,
      5.276011000117885,
      8.201988893258887,
      28.804166023136794,
      6.921100316114737,
      24.264486152446544,
      22.541131692036846,
      2.3613060492039493,
      7.782635887138667,
      2.852970614969409,
      3.86757575708816
    ],
    [
      3.8780190964855645,
      4.933899018767778,
      0.75137324910006,
      5.510775418610321,
      24.894594653790524,
      27.904565574864726,
      4.306719561706991,
      3.916925947840217,
      11.484755334042287,
      2.3279353133799323,
      31.294116804397873,
      1.9124664187712759,
      1.193367474180004,
      17.12484050371249,
      13.417910268317037,
      10.059378727450508,
      3.997663134157432,
      4.1317175552592715,
      3.189405062734933,
      3.9903371309754414,
      1.1859896097125853,
      2.577813157868262,
      2.1583036944203196,
      2.2143513491268085,
      5.067132664559318,
      3.6865090198556216,
      3.6655129791642413,
      2.3515925517914495,
      1.5614126132745747,
      5.333923120738419,
      6.56829719447764,
      5.99307572194888,
      3.964796636837812,
      1.7813209271072505,
      2.3374657663674707,
      15.703955926873691,
      11.938363201059415,
      30.613987518090674,
      16.270552379535975,
      14.397196727757247,
      12.945911075457218,
      13.395719711967518,
      2.036592979807938,
      2.9801418564056292,
      25.19170696235275,
      -0.669451268597883,
      2.5439695183409174,
      3.870872401734454,
      1.8437393914878961,
      0.9283088587458813,
      4.311289011996903,
      1.919022693567592,
      0.05025635459156468,
      -0.43962141449977216,
      13.092430641725548,
      3.8600670041114027,
      3.173397663109738,
      9.595039527413133,
      16.566975042359143,
      3.673178053913987,
      4.95577670835068,
      18.19925099524111,
      4.962907023394425,
      15.733384512373089,
      15.05143840017265,
      3.1697383675949466,
      5.806025034988621,
      1.7321199042329258,
      2.6883773883186604
    ],
    [
      1.977762283018537,
      6.138872587236763,
      0.6514065343135748,
      4.834241970139679,
      21.94222675728164,
      23.942298618572558,
      4.191427137973364,
      2.9810809794297257,
      9.708392123130523,
      2.164431851569028,
      25.52943527581688,
      2.1866912717987925,
      1.3469091180868966,
      14.186265436938163,
      10.059378727450508,
      10.52144960070037,
      3.6689690398472905,
      3.4274033205037355,
      2.687095244750305,
      3.5956077899437013,
      1.5904044224980092,
      2.756739295781265,
      2.2766838619128476,
      2.8900338803009857,
      4.805793188857305,
      3.3908103942191117,
      3.739227291402083,
      1.9495577134355844,
      1.0309928182667794,
      4.595297950822457,
      5.509242874968273,
      5.50131331645934,
      3.2636202065660074,
      1.5923733505319653,
      2.0823425184985838,
      13.51948430183794,
      10.229919676924391,
      25.15477357157952,
      13.754561598020722,
      11.464404011091265,
      10.994812513153654,
      11.83253146190758,
      1.9765091746573233,
      2.5297281091277903,
      21.752227647073703,
      -0.19583046045163127,
      2.4218813678174995,
      2.981162742293242,
      1.401321565716941,
      0.9617478490281376,
      4.420729929385384,
      1.9227746644033794,
      0.3579822211905997,
      0.1300375770565817,
      11.390308638189527,
      3.9845427401560913,
      3.4969455859113845,
      8.236186889922962,
      13.544363543870132,
      3.16270018122705,
      4.310924006071411,
      15.373697001165022,
      4.402032744479153,
      13.064072632348438,
      12.190383533798318,
      2.2848375469579514,
      5.14750454771137,
      1.6395076750299784,
      2.233658191446151
    ],
    [
      1.1943716475441764,
      5.401305531030275,
      0.2913706214520553,
      2.361839367384202,
      9.756215843707523,
      10.054130773914348,
      1.9528966858733845,
      2.2777746260776284,
      3.6990231194711214,
      1.1941403229328775,
      10.909346962922726,
      1.361227261587874,
      2.3651002028683257,
      5.6832900665596675,
      3.997663134157432,
      3.6689690398472905,
      2.316432210070978,
      2.025248630955171,
      1.5557968521408856,
      1.790151292034953,
      1.0927585152819126,
      1.6647905673740266,
      1.5183815161880183,
      1.4473211459591941,
      2.3434888465459127,
      1.9905596965147252,
      1.7782848133195361,
      1.3212866659566396,
      0.9586892417979014,
      1.9208555706613568,
      2.3381521525920044,
      4.164205248656553,
      2.2813962508454444,
      1.615769255433445,
      1.004644099505516,
      5.690333396446377,
      4.285159744462846,
      10.818267994675939,
      5.846207668579236,
      4.983817406686675,
      5.251308562368506,
      4.729036111658847,
      0.8599107115879898,
      1.3275173236681355,
      10.881634894806055,
      -0.06682058331691061,
      1.253006275959303,
      1.2473122242805983,
      0.8875321035200784,
      0.5245331587356632,
      1.9015706709932267,
      0.9257586146185061,
      0.24779210681276748,
      0.16289756702097669,
      5.255225144975871,
      1.9399934454989327,
      1.5980348637253252,
      3.0752027569942104,
      5.210138639979821,
      1.7497674866321675,
      3.722499201439706,
      6.548000143739275,
      1.9458143905671839,
      5.4455822783781755,
      5.322416627470905,
      1.2047772045413883,
      2.2883640085341694,
      0.8949995945351752,
      1.1928091916023853
    ],
    [
      2.5516935404794063,
      5.683138119989626,
      0.34818375899624243,
      3.6020449852943486,
      12.308297267524306,
      12.942182573602796,
      3.762978148652441,
      3.1047890571724657,
      4.338655163540554,
      1.528912069397093,
      12.7204227323349,
      2.0741757854107004,
      3.0769803021500173,
      5.961504375483612,
      4.1317175552592715,
      3.4274033205037355,
      2.025248630955171,
      4.678034573914802,
      3.4035659448866697,
      2.031550966290665,
      1.3050615981376994,
      2.143388970061088,
      2.2586151130029704,
      1.6864165713271748,
      3.055583958389421,
      3.0008457021793102,
      2.2348848995246655,
      1.5213337807195633,
      1.5881914130535213,
      2.253818793243475,
      2.642104219374691,
      4.62729731478357,
      2.5155103762561986,
      2.128562720064447,
      1.632810102701578,
      7.465283396717458,
      5.461373542979679,
      14.136585985074497,
      7.299371057454844,
      6.878644229745182,
      7.083609850690971,
      5.4924490916889726,
      1.283006837451086,
      2.096334862772558,
      11.074917981856654,
      0.18224848569780006,
      1.3556728947280734,
      0.9109262640680992,
      1.007210252500027,
      1.3512537467848116,
      2.740130876916554,
      1.909551893612566,
      0.21363386719019284,
      0.13494360787472215,
      7.196378392683658,
      2.5504741326455584,
      2.1007002307678126,
      4.0354572623490395,
      5.546476536235686,
      2.0318387147269488,
      4.72473396784883,
      6.353342415225457,
      2.2188665610124274,
      6.171532161781862,
      6.455046279730875,
      1.1384803701004373,
      3.452918418148735,
      0.9182262686240863,
      1.7032863247141263
    ],
    [
      2.156394568046605,
      2.48837067633659,
      0.2709855386605712,
      2.889320343660064,
      11.939254089129353,
      11.741786005929484,
      2.6598605466234417,
      1.8652063603579623,
      3.683932956550718,
      1.1679863963890056,
      10.216796955611068,
      0.843582811582296,
      1.5011095146520885,
      4.412476731401366,
      3.189405062734933,
      2.687095244750305,
      1.5557968521408856,
      3.4035659448866697,
      4.080543995261527,
      1.964077193636532,
      0.891770311303221,
      1.5058591046995005,
      1.0247944296299114,
      1.2201944263440598,
      2.701971002500202,
      2.292221641007371,
      1.4117265732034125,
      0.9062671482773448,
      0.9595261490625384,
      1.766824366619879,
      2.0878050973724145,
      2.6657827296030434,
      1.524538565782369,
      1.148160488918258,
      1.0462679014433143,
      7.059258210786998,
      4.738027431793322,
      11.522778617424088,
      6.210713650949913,
      5.343120257805411,
      7.324504111016642,
      4.608004319862538,
      1.0679037270155414,
      1.5188055933999245,
      7.5076430104563014,
      -0.38198898476442184,
      0.9559063366261217,
      0.7545884529103892,
      0.5011647073977403,
      0.9136431867196286,
      1.7726318267577794,
      1.3423932548618616,
      0.15872325413169996,
      0.2237833401498775,
      6.0687961408934985,
      2.346030684566635,
      1.6947816978696086,
      3.45736761240988,
      4.414429747563866,
      1.3647254990185342,
      2.498788357229149,
      4.876780487953822,
      1.9909433022688214,
      5.304270537013123,
      4.818094879262606,
      0.7525806212249752,
      2.6798244691065025,
      0.8172742246297275,
      0.8900984504038668
    ],
    [
      2.0410607320918697,
      2.6069168466711106,
      0.3416158462460004,
      3.000222244226812,
      14.704533862489336,
      15.304266298656843,
      1.832924663467026,
      1.84014537807801,
      4.88701494428018,
      1.3131980273989234,
      13.157215850078055,
      0.929530803979065,
      1.3999559734908733,
      5.84752379844404,
      3.9903371309754414,
      3.5956077899437013,
      1.790151292034953,
      2.031550966290665,
      1.964077193636532,
      3.6628756249839514,
      0.72654947880942,
      1.5025860914160856,
      1.1023582368255465,
      1.8770841037194823,
      3.0160777006355617,
      2.310659640239588,
      2.0869548687383737,
      1.0946761064942956,
      0.7457316779040696,
      2.2118916896345424,
      2.752915782336775,
      3.173359885932369,
      1.7728242731327828,
      1.125529960476788,
      0.833384925371427,
      9.159821417950328,
      6.1727647085097175,
      14.496381472415168,
      8.30803054558272,
      6.231043400142129,
      8.78289267124133,
      6.941236988961106,
      1.0764981659879092,
      1.6315615242208736,
      8.052048198891399,
      -0.26686770327967896,
      1.1075872153017274,
      1.0984235670875488,
      0.41698815374521064,
      0.3215368711542139,
      2.0262030147297625,
      0.8091841223830272,
      0.11853379487058358,
      -0.17405333223602648,
      7.4911684657035424,
      2.5944391656270587,
      1.9428346980482378,
      4.465426862578008,
      5.591252653248621,
      1.4655175979675286,
      2.452654192109487,
      7.4911224157824785,
      2.263928499218401,
      7.0011020034775715,
      6.003264239817928,
      0.6894307008960395,
      3.0927508045584386,
      1.0092911213982287,
      0.6629521038205279
    ],
    [
      -0.5900855864545956,
      8.389451060281067,
      0.14498318094071588,
      0.7236268958256759,
      4.5293951175085,
      2.5376261212194193,
      1.5070380150289764,
      2.3822170271488594,
      0.5078545337822441,
      0.6361223865223911,
      4.374311742414051,
      3.1666189720668316,
      3.8592938874580507,
      2.1482961573049426,
      1.1859896097125853,
      1.5904044224980092,
      1.0927585152819126,
      1.3050615981376994,
      0.891770311303221,
      0.72654947880942,
      5.1463033193519285,
      5.347566861435044,
      2.827209041213981,
      2.8840926980071826,
      4.541933049217427,
      4.557543461423991,
      2.809024066041863,
      1.329624628440692,
      1.0606883268663996,
      0.553277353791635,
      0.7500376421593279,
      3.532794252815682,
      1.15629822435487,
      1.954886891304533,
      0.2986022145944027,
      1.8767084276312926,
      0.5353786799923519,
      4.363311460495684,
      2.784349581548217,
      1.6158045697999162,
      2.2743793191339665,
      0.7823884750681569,
      0.22902532722774407,
      0.48731593362953723,
      12.884838202230846,
      1.4260865313504025,
      0.5218917592994218,
      0.06861899361993458,
      1.3586924921805172,
      0.5876733135576325,
      1.4927964071717972,
      0.7208252199901534,
      1.718695532108998,
      3.3257642301025987,
      2.7189324137058977,
      2.862148310955941,
      2.6438917480817112,
      0.5502327007524086,
      1.1711975348272627,
      0.742543596282356,
      4.622180287236619,
      0.08405343462400659,
      -1.2931102298378656,
      2.0161067195877322,
      2.2300925335362414,
      1.860168409430971,
      0.6010962773115539,
      0.7335512919992285,
      1.2025988120572726
    ],
    [
      -0.24516743107179992,
      9.677902811484213,
      0.267929416404433,
      2.414831604993402,
      9.622742926212752,
      8.02738809695285,
      2.189737366459229,
      3.240262197729665,
      2.235178077493952,
      1.0407047894499237,
      9.192227716946913,
      3.5757852379212562,
      4.4513674115734805,
      4.237502519428675,
      2.577813157868262,
      2.756739295781265,
      1.6647905673740266,
      2.143388970061088,
      1.5058591046995005,
      1.5025860914160856,
      5.347566861435044,
      6.149218378193418,
      3.3904639111049035,
      3.4243124567481815,
      5.796684242234381,
      5.631053268867823,
      3.7768734140877878,
      1.8666791072575337,
      1.3830438385379813,
      1.354463448567784,
      1.727479670506024,
      4.798281911585273,
      1.8686074869577338,
      2.461032911158042,
      0.7445836451181701,
      5.074156550530975,
      2.8029871617913678,
      9.90246472691413,
      5.798860326648638,
      4.14812987125963,
      5.124831799283446,
      3.2880011309432278,
      0.6779716419162252,
      1.5474320754576547,
      16.711647706210048,
      1.4957732393271417,
      0.972212844155271,
      0.5378054967886027,
      1.6748195466539253,
      0.6313496486340822,
      2.278770901129371,
      1.0047793448825886,
      1.8131214707310952,
      3.4206916316495435,
      5.493891790318394,
      3.6072825544695384,
      3.375716599302844,
      2.20222809083148,
      3.015700443327057,
      1.313417902332029,
      5.701407877522448,
      2.8070436422198815,
      -0.6365876711515657,
      4.474483754136995,
      4.531788445251457,
      2.336603153209528,
      2.1182219547698242,
      1.1370769615691856,
      1.6011902978383188
    ],
    [
      -1.113772113930044,
      10.609704865824272,
      0.23226214485803862,
      2.0767683540364503,
      5.043123391624648,
      4.779424799957237,
      2.357944086672182,
      3.829385369184024,
      1.7524929693823852,
      0.9135371961446638,
      7.273488250716658,
      6.954697406256265,
      5.390969794868168,
      3.5081347249588832,
      2.1583036944203196,
      2.2766838619128476,
      1.5183815161880183,
      2.2586151130029704,
      1.0247944296299114,
      1.1023582368255465,
      2.827209041213981,
      3.3904639111049035,
      6.096083291407614,
      3.2337378563587365,
      3.3352419232346873,
      3.2004956845956816,
      5.296935039167206,
      2.3182370866417803,
      1.5121916063742735,
      1.0603589601052377,
      1.3395039575874448,
