{
  "covariances": [
    [
      87.24223602484477,
      -1.3849956850680152,
      0.4144360967398994,
      3.665000241469338,
      23.27325801773325,
      37.41910800753078,
      -1.5221644819066906,
      -0.13859766603778018,
      1.3594937124354969,
      2.6511338398401056,
      14.908583161021923,
      0.7150992185009869,
      -4.789630453555348,
      -2.3122465193720605,
      5.1404416330864215,
      2.9980781880505276,
      1.7044087382191417,
      -0.5356614344170219,
      1.6621865839115106,
      6.634648210651915,
      0.9571921103400787,
      1.6418645343083342,
      1.3395006938906355,
      2.050288248186821,
      2.931162125528458,
      1.9654024180337029,
      1.6611162433464361,
      0.1919561233697974,
      -0.33874503200575334,
      1.7024576215418143,
      2.6352529120322297,
      0.23381706108141692,
      1.4393248332755224,
      -0.3397646936560262,
      1.8073675872199373,
      27.07146472469126,
      9.6547495692931,
      30.463839069596705,
      21.084256461527364,
      9.560369811056209,
      15.456347398099204,
      8.358586627883797,
      0.7787614075270233,
      2.094353051136728,
      17.63743460898647,
      0.15572037230912847,
      1.1744800804451585,
      2.440797630082617,
      0.3805831060816401,
      -1.6538788027912634,
      0.6571275371334202,
      -1.1914066138068133,
      -0.588769528012432,
      -1.1175758172314423,
      9.287210434770532,
      5.16176838237694,
      2.96844093140847,
      2.2443563326839264,
      -1.1231784045741124,
      2.1211984632171963,
      -0.4832305670820572,
      14.20084575481578,
      7.390213763620881,
      6.610656318633827,
      6.591475796576643,
      0.5441124974277856,
      4.651432575381,
      3.188515468125457,
      0.9075052251081884
    ],
    [
      -1.3849956850680152,
      65.0522782489115,
      0.9892690103527431,
      6.2966498255769086,
      18.568400952308725,
      18.61198291949046,
      6.262951289182131,
      22.73078474022516,
      6.71826586723464,
      4.265269308905357,
      23.353709966901963,
      11.785257351741539,
      35.27980621028525,
      11.5202832831012,
      8.278139036736036,
      7.213973359192958,
      6.5438522052409,
      10.220935239177196,
      7.138531107711855,
      6.334720620676424,
      10.398971806093453,
      12.621894455555331,
      11.97953632662184,
      10.42927620904464,
      11.505703233927797,
      13.280525189015886,
      10.781314596380499,
      12.53142299820232,
      10.212706145612595,
      5.084413431185904,
      6.524798894511155,
      42.5641128915834,
      22.076344423703407,
      17.214426958437738,
      4.606417061436847,
      10.156297158168753,
      8.391079964124634,
      23.581195758715,
      13.864476530701603,
      9.700775385179579,
      11.748931824393505,
      7.648453930608662,
      1.5909102840258624,
      5.126013848011914,
      44.319721782802425,
      4.888765737592009,
      5.790207778892609,
      5.837122846436915,
      7.506445963257745,
      2.879610910737252,
      5.0552502536481105,
      3.2570004545283284,
      1.9871018354401893,
      3.5938734150358056,
      17.776244781051748,
      9.315213062030253,
      10.363251488627004,
      6.193327628027834,
      9.403682691837325,
      7.768983959322709,
      40.79662802010102,
      20.417833282993023,
      6.5122506957981345,
      13.318276459479874,
      9.778767015211912,
      6.930153927985029,
      6.010900337112016,
      5.201760295093135,
      6.282616256678587
    ],
    [
      0.4144360967398994,
      0.9892690103527431,
      0.06466719899980115,
      0.5733251610569233,
      2.0684119895105653,
      2.44645245184204,
      0.307442955487494,
      0.489365335747282,
      0.5931579735749642,
      0.1932085479918283,
      1.8099057807961179,
      0.24403435070933713,
      0.4486095931902849,
      0.9127263993429426,
      0.547805016094551,
      0.5672619340785617,
      0.2829213175294695,
      0.3588557287189881,
      0.3556997730045807,
      0.44466832850720633,
      0.28403607251365254,
      0.39974020326397725,
      0.2925041037845503,
      0.3836739127883654,
      0.43516409918689114,
      0.4783916028364352,
      0.41730677678789757,
      0.28088502319042824,
      0.20858474165877328,
      0.3498458445652479,
      0.4112635844653498,
      0.8098606859275459,
      0.44864649095141423,
      0.2853520300812099,
      0.19955933442074172,
      1.5084864331904557,
      0.8798544785255661,
      2.3479781585104713,
      1.5071305744027275,
      0.8436776266721725,
      1.0954598132996818,
      1.013069354103202,
      0.21268155966273758,
      0.3280848335068809,
      2.147418116841836,
      0.14221474339253365,
      0.28629983763841765,
      0.23602556661471533,
      0.28172944156695906,
      0.03316166196871528,
      0.34211514316983527,
      0.13506163393193113,
      0.044627554733386955,
      0.09110378066937448,
      0.9174694196972979,
      0.4898940306751765,
      0.40965660410033056,
      0.6173364914807151,
      0.770484857126014,
      0.3080736267213197,
      0.7198584909470183,
      1.3592714856542474,
      0.37645145077913167,
      0.9650893397293993,
      0.8219708036848303,
      0.33631390999381483,
      0.5583137954290591,
      0.16642971477049626,
      0.14110816887416777
    ],
    [
      3.665000241469338,
      6.2966498255769086,
      0.5733251610569233,
      9.011181631986888,
      22.9424450772506,
      27.20760002796314,
      4.077143567259409,
      3.0874257595400434,
      6.708755771246548,
      2.1733090889197535,
      18.234049160711283,
      1.772607767440735,
      1.3975032335175872,
      9.181783989871468,
      5.207458515241497,
      5.502332376078184,
      2.5840909738817417,
      4.149894812610915,
      3.916842201901121,
      4.678366419910781,
      1.8593532128585557,
      3.643336348122626,
      2.6690229829241785,
      3.9935020588636663,
      4.287104452523482,
      4.436971780871634,
      4.348183011514163,
      1.7512179126455483,
      1.3358518562187967,
      3.867307625736079,
      4.434638708983274,
      4.896976977217312,
      2.886040863641515,
      1.5336598332967404,
      2.130487347275827,
      16.679052214657226,
      9.810569534660255,
      24.798232515882166,
      16.21540956367282,
      8.617574748261857,
      11.911498205675402,
      12.04420876799612,
      3.3801612643311043,
      5.077308780530954,
      21.205971958078592,
      1.5628317459368732,
      2.476175462900321,
      2.110889340866698,
      2.123480422224054,
      0.09657457811233783,
      4.14602766570397,
      1.7882285855011866,
      0.3109784958343856,
      0.6595374737791618,
      10.890720455189614,
      5.076687148061489,
      4.342009685665597,
      7.078425628782992,
      7.604785701203708,
      3.0104141876301553,
      3.9562333515563624,
      14.144997558308058,
      3.9653187731414072,
      10.295227511425745,
      7.740983458008275,
      2.4951491355995143,
      8.190729680158652,
      1.4615735093758904,
      0.6911018494467421
    ],
    [
      23.27325801773325,
      18.568400952308725,
      2.0684119895105653,
      22.9424450772506,
      94.54868409989798,
      103.46239828038549,
      11.780488532613317,
      11.366060164583196,
      22.038706919163275,
      6.792395791228744,
      67.5698035430066,
      4.178259705333947,
      4.796132905145337,
      32.41818820187026,
      18.70031273752677,
      19.10950403881362,
      8.882572975105045,
      12.39316841835236,
      14.802052528775427,
      18.339700883968987,
      8.171002618535974,
      12.668736328406629,
      6.471379493166392,
      12.941857887099982,
      15.035618837758783,
      16.049569925046907,
      13.363433682040823,
      6.71546643364843,
      4.649503994077717,
      12.405430237194725,
      14.32474918729354,
      17.55739669620682,
      10.818004140308743,
      5.281596401503388,
      6.109068431221149,
      65.11374982958603,
      36.59065772092076,
      93.24073858285472,
      60.651868679403016,
      32.74529773682648,
      48.942671090242605,
      45.38991809358511,
      8.778788174043468,
      12.57735188417193,
      74.58123457543182,
      4.528975308625089,
      9.485323831738063,
      7.7000020139443555,
      8.079242858921257,
      0.4563218806009519,
      13.82158123983336,
      4.936122805436951,
      1.9278155147056784,
      3.8324700030658345,
      31.948106421393035,
      19.365272963847964,
      14.364706842233076,
      24.283821015752896,
      27.013333554972416,
      9.45512646231304,
      13.966026333726848,
      52.256858026662954,
      14.35805009617591,
      36.59420581624925,
      29.96471425394543,
      9.37941401849018,
      22.134592601291605,
      4.636814072551552,
      2.4608690251097256
    ],
    [
      37.41910800753078,
      18.61198291949046,
      2.44645245184204,
      27.20760002796314,
      103.46239828038549,
      131.77064078347593,
      11.797545656035117,
      13.002881923659567,
      24.28623626822461,
      7.527132415122251,
      83.67939369350199,
      5.877935659808493,
      3.1997762475861515,
      38.188113343570215,
      23.083408496441283,
      23.537943688695318,
      10.615580040028133,
      12.012958280073057,
      14.476320927491434,
      21.27707029262772,
      8.87537739151507,
      13.854104927289248,
      8.14285828716165,
      13.836120895107676,
      16.436501084654527,
      17.48776839939559,
      15.514434913821445,
      7.839327364329924,
      5.15189544240976,
      13.897120892505907,
      16.476681024257772,
      18.04380334782631,
      10.704580506642603,
      5.736168309653308,
      7.149203932842402,
      83.22041146072847,
      44.440340467910055,
      118.98222170523762,
      78.53531196221833,
      40.68428322263097,
      54.50474544799364,
      50.628234096731624,
      10.20427837576061,
      14.824560806896276,
      88.38505746367217,
      5.010040395040667,
      10.508589364988792,
      8.629567193955554,
      8.84147623809254,
      -0.6749396749289693,
      14.957515063785703,
      4.686121573838347,
      1.3260719133314869,
      2.790043664987781,
      38.1597709209493,
      21.193378157596975,
      15.649998930592071,
      27.099947285920216,
      31.571338159643982,
      11.004912511283239,
      14.069706273856449,
      62.40556070344978,
      16.909358146467145,
      44.41452497301314,
      37.72966221827048,
      11.418638191806318,
      26.37526041997636,
      5.930091581209711,
      3.5620151811021983
    ],
    [
      -1.5221644819066906,
      6.262951289182131,
      0.307442955487494,
      4.077143567259409,
      11.780488532613317,
      11.797545656035117,
      6.229945881501249,
      2.1336183981027244,
      3.769132937919744,
      1.375821246850776,
      8.983300193455442,
      1.7603659583768603,
      2.7399949519615303,
      5.1368493243094715,
      2.648554746666732,
      3.1223350289735183,
      1.4351491010051538,
      3.901167011083995,
      2.565445725697715,
      1.7304900731511816,
      1.2406337082319614,
      1.8938086972724661,
      1.9657019925255241,
      2.835350452569638,
      2.5396498622576344,
      1.5654620235666306,
      2.743000847513128,
      1.0606791968462044,
      1.0790704723558082,
      2.201736585940028,
      2.3892327071734885,
      4.113915363872196,
      2.0234892805596236,
      1.682577426820058,
      1.3432443193484755,
      6.234260790707779,
      5.1672693230106,
      10.964354225248163,
      6.613500444039962,
      4.361976168773825,
      4.6491715248417975,
      7.645146078179025,
      1.9242301820231542,
      1.9743792244698244,
      10.375386212617633,
      0.6198081551594645,
      0.9650532671457001,
      0.8872282217921718,
      1.079728518064837,
      1.7554333525945933,
      5.037690069319709,
      3.001762463840796,
      0.02800608256123284,
      0.013184815979162743,
      7.319630169871106,
      2.984024340784703,
      2.9263156351340394,
      3.8874129525465966,
      4.453609132145844,
      1.9304189928107978,
      3.6477507711044423,
      6.171068822333222,
      1.8098240684946225,
      5.204242640731397,
      3.777730662515328,
      0.6367032965419077,
      3.4376547923941203,
      0.6555165784305652,
      1.222297375006083
    ],
    [
      -0.13859766603778018,
      22.73078474022516,
      0.489365335747282,
      3.0874257595400434,
      11.366060164583196,
      13.002881923659567,
      2.1336183981027244,
      11.611997057497131,
      3.1786764649094725,
      1.848590961595051,
      12.64042078520361,
      4.548719812437474,
      14.263299509535818,
      5.952474202769972,
      4.241995874863731,
      3.844619136675065,
      3.093565269172807,
      3.979017277248424,
      3.6221220273686408,
      3.273785041522408,
      4.120685236586364,
      5.139243411582836,
      4.635951936644322,
      4.090420893756091,
      4.603262544519586,
      5.822831558175248,
      4.656096772212467,
      6.443613609022263,
      5.171367395579295,
      2.443354778562289,
      3.159116455243853,
      17.35446138556956,
      8.66839634395839,
      7.2637414406251235,
      1.9471203033993032,
      7.807444873994314,
      4.9885105066944995,
      14.586305371426663,
      9.401402441561224,
      5.180685884464282,
      7.134538928149289,
      4.416131129599257,
      0.7830464057204527,
      2.371267487238376,
      19.58446947238521,
      1.649895554700388,
      2.7390307316169658,
      2.3304494211611173,
      2.9789749367001526,
      0.7859649667461797,
      1.9338207922343156,
      1.0262053165336396,
      0.7048402376437263,
      1.1708143913328068,
      7.619177546405565,
      3.9626951385930624,
      4.095438707541494,
      3.2273702525032943,
      4.739513542540884,
      3.6593741942161726,
      16.56377925760807,
      9.648121389358643,
      2.7963871983653554,
      7.10913508710387,
      5.357513519272848,
      2.7326028097577666,
      2.984852621644214,
      2.520885121810283,
      2.649346936036539
    ],
    [
      1.3594937124354969,
      6.71826586723464,
      0.5931579735749642,
      6.708755771246548,
      22.038706919163275,
      24.28623626822461,
      3.769132937919744,
      3.1786764649094725,
      9.469377965142094,
      2.2276690595099717,
      18.295358901778695,
      1.8118250664668105,
      2.0894091340296277,
      11.01822089025384,
      5.662108236672461,
      6.0855008343702295,
      2.497514440822026,
      3.808164831219631,
      3.7101736275660393,
      4.478906920536168,
      1.8506042007764916,
      3.21311959324233,
      2.5564325388480027,
      3.852217272870434,
      4.103074396100946,
      4.148805401314554,
      4.2468727779560895,
      1.7056532491172207,
      1.4676558011484149,
      4.629963686447125,
      5.335051903384839,
      5.342454614495092,
      3.151510715761522,
      1.6873541627454909,
      1.92454056408953,
      15.065111378207602,
      8.755770488501302,
      23.11753085532242,
      14.586501124633712,
      8.54618690622565,
      11.596695106743004,
      11.547989303824211,
      2.6141948395694072,
      3.6817275437703434,
      20.632644431971656,
      1.2798086238260176,
      2.7189869883198177,
      2.1318240878855113,
      2.410848729130695,
      0.4069519029594706,
      3.7132408975011395,
      1.7042675444393727,
      0.15876650904374767,
      0.2914431517043691,
      10.539447479823304,
      5.065631223775188,
      4.174398378984527,
      9.069387422355966,
      9.342515277740233,
      2.845148071748148,
      4.484604412862939,
      14.208592659372092,
      3.666577312025927,
      9.494965751547475,
      8.76277636872972,
      3.0901432127206547,
      6.371624942051153,
      1.2492262282203517,
      0.9612886943165442
    ],
    [
      2.6511338398401056,
      4.265269308905357,
      0.1932085479918283,
      2.1733090889197535,
      6.792395791228744,
      7.527132415122251,
      1.375821246850776,
      1.848590961595051,
      2.2276690595099717,
      1.7279953421952496,
      5.259426690545907,
      1.1061310963944848,
      1.9571255714486047,
      2.724829580011737,
      1.8939661504328036,
      1.9458785361052409,
      1.2040938821657794,
      1.6948114167278174,
      1.4721104584553182,
      1.3707379788011993,
      1.0086237763414307,
      1.4629498638627172,
      1.3177448048960991,
      1.4808275985259978,
      1.631586500505709,
      1.6888241743386476,
      1.464082262924789,
      0.9485447093925624,
      0.9001057762506733,
      1.397720885967571,
      1.6141399449446352,
      3.1191513207269583,
      1.6400549155418986,
      1.254365474421337,
      1.219802740418327,
      4.776237509673152,
      2.5974184231663773,
      7.0115795862229815,
      4.517314006902588,
      2.506248746286904,
      3.6559376111740343,
      3.318131148809985,
      0.8106631391981305,
      1.272790920204556,
      7.104893694848884,
      0.44218274370836685,
      0.8455545220618801,
      0.762419131361166,
      0.8096850325792266,
      0.3108706262613864,
      1.3112680053214212,
      0.6599780907725264,
      0.19471076534990908,
      0.3841271200206387,
      3.379579181855532,
      1.8315330805735615,
      1.5950029669643628,
      2.200920325890321,
      2.356930195954355,
      1.5032524761482597,
      2.803239359109012,
      4.199556164562728,
      1.2797200151141876,
      2.705076064138346,
      2.477756397616599,
      0.7431033662834353,
      2.0539451001916373,
      0.6820082619813208,
      0.6162920136474521
    ],
    [
      14.908583161021923,
      23.353709966901963,
      1.8099057807961179,
      18.234049160711283,
      67.5698035430066,
      83.67939369350199,
      8.983300193455442,
      12.64042078520361,
      18.295358901778695,
      5.259426690545907,
      68.22931661833361,
      6.4478918060593715,
      7.822886691367132,
      31.572701072922143,
      18.298064450638226,
      17.979247655327146,
      8.171673769225936,
      9.617469264774542,
      10.298324956998021,
      14.421465595831169,
      8.177801071814779,
      11.636216513192977,
      7.697814843491633,
      11.0877105687303,
      13.007561511471847,
      13.82843153524584,
      12.153421346233447,
      7.328201098125365,
      5.310593888543776,
      10.22342669549747,
      12.327754543885598,
      19.055111263212314,
      11.188089865007353,
      6.093738544337463,
      5.673612305799349,
      51.628829693633165,
      29.570268088592996,
      84.9935755527508,
      53.487750770611434,
      31.618268418392276,
      35.824948587777435,
      32.84352329170939,
      6.71840629309182,
      10.317109564156166,
      67.3782893369761,
      4.292764603839792,
      8.169030724139185,
      7.377065979710647,
      7.892138385487671,
      0.29140148120826975,
      10.39765305079886,
      3.783329897463651,
      1.3349801202845788,
      2.5498278406344252,
      28.003292096506005,
      15.307892341334918,
      12.133945240479878,
      20.136192467204783,
      26.09668811961183,
      8.748626496623755,
      16.738834259424046,
      44.40174019075704,
      12.216109457340922,
      35.040430359067685,
      32.16987984789004,
      10.63324376713115,
      17.776468773916488,
      4.558167486131594,
      3.7507934328926895
    ],
    [
      0.7150992185009869,
      11.785257351741539,
      0.24403435070933713,
      1.772607767440735,
      4.178259705333947,
      5.877935659808493,
      1.7603659583768603,
      4.548719812437474,
      1.8118250664668105,
      1.1061310963944848,
      6.4478918060593715,
      8.265622237778143,
      5.83390289243833,
      3.6904565288214943,
      2.2334201029024117,
      2.377331268225065,
      1.6004651184354386,
      2.5114216330664654,
      1.45901566215391,
      1.6406920978379205,
      5.5155768669945155,
      6.053885737426444,
      6.651034208346449,
      3.7791890705532007,
      5.537118738679078,
      5.658876385596809,
      5.822139851376826,
      2.568533694512144,
      1.984864920933938,
      1.4001105697442982,
      1.6965933104873678,
      4.478997932712087,
      0.7944309784771216,
      3.1055175964349946,
      1.4606134875894345,
      3.3452524014017793,
      2.0491286060482636,
      6.138074028018213,
      3.5271009999102745,
      2.574137592840017,
      2.447828396393515,
      1.089695253762139,
      0.7285177015833394,
      1.277393379722169,
      12.093156880218805,
      2.149441198761211,
      0.15165892880937012,
      -0.59159993211398,
      0.9281616259019256,
      0.9299107402306672,
      1.7900501650746679,
      1.0511331512779483,
      1.3968006248932072,
      3.559181359511177,
      4.812815512336505,
      3.277044960372783,
      3.730213977826059,
      1.812769208695859,
      2.6433300354054268,
      2.0000825516868344,
      6.430063920538198,
      -1.2251653473005413,
      -1.399639319785431,
      2.853030242983799,
      3.4552309976755033,
      2.326724456138333,
      2.09850387518616,
      1.4865115349477538,
      3.7724325551545657
    ],
    [
      -4.789630453555348,
      35.27980621028525,
      0.4486095931902849,
      1.3975032335175872,
      4.796132905145337,
      3.1997762475861515,
      2.7399949519615303,
      14.263299509535818,
      2.0894091340296277,
      1.9571255714486047,
      7.822886691367132,
      5.83390289243833,
      25.404086732426226,
      4.785950478080763,
      3.025250842932907,
      2.4658805689815004,
      3.2856233293901482,
      5.036183865572603,
      3.2292168696091297,
      2.3652393523942723,
      5.097148912793285,
      6.036486069945696,
      5.667157185509729,
      4.250994785769039,
      4.96720158298246,
      6.447429027756298,
      4.696709292442209,
      7.779244177194542,
      6.491211175918584,
      1.9223541303040603,
      2.529960533899494,
      27.287403389764012,
      13.530578082390068,
      11.731253040601898,
      1.863093630937238,
      1.3734341664401835,
      2.0197163204130564,
      6.499127973075177,
      3.8733949580020783,
      2.5892414864521185,
      3.8890714220772464,
      1.1322807713491454,
      0.002833370347407248,
      1.7106783545758366,
      17.096858878994656,
      1.6438314387208288,
      2.0633243376162973,
      2.0180405362555316,
      3.4753248076073717,
      1.6505422115500485,
      1.8080014429346258,
      1.4788305137801823,
      0.8744985647617457,
      1.4451968810635571,
      7.209528177599756,
      3.3457435980835313,
      4.0666017896287165,
      1.7520906193955368,
      3.7720844170154,
      4.0686734668724105,
      26.33284849661116,
      5.896646952661532,
      0.9975868280811122,
      4.822902627478898,
      2.986408732499536,
      2.559469984905936,
      1.1119161871173244,
      2.6990307300776504,
      3.3523546561433664
    ],
    [
      -2.3122465193720605,
      11.5202832831012,
      0.9127263993429426,
      9.181783989871468,
      32.41818820187026,
      38.188113343570215,
      5.1368493243094715,
      5.952474202769972,
      11.01822089025384,
      2.724829580011737,
      31.572701072922143,
      3.6904565288214943,
      4.785950478080763,
      20.18155444652825,
      9.403790876137673,
      10.238488549106886,
      4.132504297763196,
      5.214610615922754,
      5.221283486512386,
      6.7072910998324256,
      4.282831975829551,
      6.023460791315891,
      4.3206410619399716,
      5.601619401506209,
      6.7642987904847525,
      7.0922816128062,
      6.566017289458668,
      3.312582685461678,
      2.6398719702777296,
      5.8035582273950315,
      6.690112738525659,
      8.641122658173536,
      4.6317654089229086,
      3.176632302332179,
      3.101501456806019,
      23.075722758146355,
      14.020768666035039,
      37.78930481402349,
      23.47202528766627,
      14.323767560773334,
      16.995325822660377,
      16.036770521379445,
      3.5350920297673847,
      5.076902676951834,
      32.39062640135914,
      2.0642728412202893,
      3.4860241574387874,
      2.6196485429893204,
      3.5960578106236225,
      0.5147700535237397,
      5.3287924631032775,
      2.2879502806007563,
      0.8127073668758756,
      1.6336527996789374,
      14.091437489094426,
      7.504689308729531,
      6.03164330130286,
      11.36665998595555,
      16.825298768159247,
      4.569751760561619,
      7.955538913202937,
      20.321141451109952,
      4.087537794453697,
      16.103382771003485,
      15.474923665471168,
      5.250488316397726,
      8.796063651965978,
      1.8715655510337574,
      1.9024007021839364
    ],
    [
      5.1404416330864215,
      8.278139036736036,
      0.547805016094551,
      5.207458515241497,
      18.70031273752677,
      23.083408496441283,
      2.648554746666732,
      4.241995874863731,
      5.662108236672461,
      1.8939661504328036,
      18.298064450638226,
      2.2334201029024117,
      3.025250842932907,
      9.403790876137673,
      6.900722958120222,
      5.9764377411640375,
      2.7670294112244807,
      2.900777108087988,
      3.0290845936292343,
      3.9680711410600717,
      2.4373908618033915,
      3.484765531394635,
      2.8158554085218115,
      3.519850293341701,
      4.013133221638625,
      4.045394141900215,
      3.8645132659001886,
      2.379758275016309,
      1.8626679128883006,
      3.446164694133325,
      4.148578308946595,
      6.347143466738859,
      3.6334287129737532,
      2.03796586923272,
      2.1954477656267777,
      14.077183966721412,
      8.311875626031238,
      22.94633092496549,
      14.339362002806201,
      8.652172180387911,
      10.189327674736681,
      9.091658682016474,
      1.8758999110128334,
      2.9901877028567756,
      19.94785504268498,
      1.3795446806631813,
      2.4467045085504266,
      2.247340795296977,
      2.3456167555772556,
      0.15967895679857147,
      2.9706242308682063,
      1.1137657253901874,
      0.3969743111102658,
      0.628578513894415,
      8.78428274712138,
      4.634673992388394,
      3.800796601428136,
      5.871386425510448,
      8.508163394538514,
      3.1248944037364907,
      5.545253325030933,
      12.844808387258158,
      3.6253170316420342,
      9.428471512490235,
      8.611297427590287,
      3.133941976163116,
      5.109541088573458,
      1.6053325665896472,
      1.2351252032359163
    ],
    [
      2.9980781880505276,
      7.213973359192958,
      0.5672619340785617,
      5.502332376078184,
      19.10950403881362,
      23.537943688695318,
      3.1223350289735183,
      3.844619136675065,
      6.0855008343702295,
      1.9458785361052409,
      17.979247655327146,
      2.377331268225065,
      2.4658805689815004,
      10.238488549106886,
      5.9764377411640375,
      8.343877994069864,
      3.133781094276665,
      3.005979872831847,
      3.142270020991777,
      3.9293916201293513,
      2.6008812066581584,
      3.6062955027741594,
      2.72298630082899,
      3.5731347312684725,
      4.045809370390978,
      4.1268797853322345,
      4.037738951554986,
      2.1708407362027007,
      1.6738610913439045,
      3.647530859903739,
      4.189224317956957,
      5.483558071402216,
      2.823232842302631,
      1.9510345078939944,
      2.3164861768802294,
      14.320510957278492,
      8.581329501275734,
      22.026354009729715,
      14.08855881189768,
      7.963411195283938,
      9.979754558491495,
      9.503254800711886,
      2.2207625096619275,
      3.024040852653952,
      19.885370005902033,
      1.3281982541417565,
      2.469715036072139,
      1.918806824880981,
      2.378272119563215,
      0.31618965569390795,
      3.4243973390724247,
      1.3892569755589756,
      0.3780248781145742,
      0.636718734733374,
      9.024477684316738,
      4.691388638450929,
      3.856165543871567,
      6.320927349449683,
      8.91508563272938,
      3.3183788979905837,
      4.7996752384573576,
      12.690333928155178,
      3.260502128150322,
      9.142317644389808,
      8.766989141575825,
      3.350942948559146,
      5.422451546738755,
      1.426985966541277,
      1.3880609860098576
    ],
    [
      1.7044087382191417,
      6.5438522052409,
      0.2829213175294695,
      2.5840909738817417,
      8.882572975105045,
      10.615580040028133,
      1.4351491010051538,
      3.093565269172807,
      2.497514440822026,
      1.2040938821657794,
      8.171673769225936,
      1.6004651184354386,
      3.2856233293901482,
      4.132504297763196,
      2.7670294112244807,
      3.133781094276665,
      2.287499197914716,
      1.9333501422586117,
      1.8453862097752707,
      2.0788032726193006,
      1.7316816826657768,
      2.2384235589332655,
      1.8021170445226347,
      1.8933376614064532,
      2.235918474206604,
      2.5649004231889725,
      2.1125830868791873,
      1.7489608774026641,
      1.3463794478533566,
      1.67762186249391,
      1.976646997758723,
      5.027705141075589,
      2.549416620267755,
      2.0408970337982275,
      1.2503023364784371,
      6.668173396437944,
      3.691535253052419,
      10.259271626938974,
      6.818280541788871,
      3.4553158608031227,
      4.872674747382453,
      4.073213456952626,
      0.9750213498133805,
      1.5453757425576722,
      10.408966736914978,
      0.7359583816928627,
      1.4705385885266602,
      1.1566420940526825,
      1.4044898188086672,
      0.23847849242853386,
      1.5376054060674023,
      0.6664043138516554,
      0.3306730660775898,
      0.6054941366298312,
      4.214147450429465,
      2.3506671388229092,
      2.0058740495031677,
      2.519440836110379,
      3.4555941008267372,
      2.053096413935278,
      4.5507809676324475,
      6.28087826582148,
      1.7035366063492798,
      4.453493966042909,
      3.6268614347349883,
      1.6661805413353181,
      2.590944250304628,
      0.9008708806839724,
      0.9723371631976927
    ],
    [
      -0.5356614344170219,
      10.220935239177196,
      0.3588557287189881,
      4.149894812610915,
      12.39316841835236,
      12.012958280073057,
      3.901167011083995,
      3.979017277248424,
      3.808164831219631,
      1.6948114167278174,
      9.617469264774542,
      2.5114216330664654,
      5.036183865572603,
      5.214610615922754,
      2.900777108087988,
      3.005979872831847,
      1.9333501422586117,
      5.866141977330476,
      4.178247627357725,
      2.734700182197414,
      2.198559621352485,
      3.103499051679826,
      2.920053139839046,
      3.119046331113094,
      3.1694694180242857,
      4.502239495637534,
      2.6624050270634325,
      2.0453608262119576,
      1.9375866993056359,
      2.47957730038488,
      2.800491811090869,
      7.272764404368894,
      3.9385215351813843,
      2.82529839312977,
      1.8531078569090127,
      7.1907508479764095,
      4.7925420522325926,
      11.437061060308514,
      6.910071284437091,
      4.532614761140453,
      6.847662307847526,
      5.7256979362044715,
      1.4797343814359964,
      2.4862065293530993,
      14.029450303627485,
      1.2797111085230404,
      2.020988898250307,
      1.5554248456168567,
      1.8093961578491324,
      1.4784119344855977,
      2.78359251138589,
      2.0185496423197256,
      0.44886255524013974,
      0.8516941429356728,
      6.167502701135349,
      3.3922619083606467,
      3.1908745773713174,
      3.8002762601237303,
      4.31494860749013,
      2.4964469533686504,
      6.792466859978863,
      7.791008651432455,
      2.362090180135179,
      5.480785927643508,
      4.097191117398862,
      1.7268533645529125,
      3.6117553476302544,
      1.1071547563832007,
      1.226908519261185
    ],
    [
      1.6621865839115106,
      7.138531107711855,
      0.3556997730045807,
      3.916842201901121,
      14.802052528775427,
      14.476320927491434,
      2.565445725697715,
      3.6221220273686408,
      3.7101736275660393,
      1.4721104584553182,
      10.298324956998021,
      1.45901566215391,
      3.2292168696091297,
      5.221283486512386,
      3.0290845936292343,
      3.142270020991777,
      1.8453862097752707,
      4.178247627357725,
      5.0549475885678214,
      3.2189485773381463,
      2.3026380126225994,
      3.1476850724373335,
      1.9071391222639817,
      2.950266001613315,
      3.258937041420877,
      4.243144634155594,
      2.430730708846111,
      2.0146916882966788,
      1.608838443227378,
      2.31447829851064,
      2.6290504710312277,
      5.526952269843497,
      3.042467925561425,
      2.005989656078617,
      1.317231374179725,
      9.482583490495905,
      4.987953942674396,
      12.99205000981251,
      8.299383715325272,
      4.707140242260708,
      8.832968151333796,
      5.816073797747711,
      1.367225215176771,
      2.3727488396682483,
      13.604283921030692,
      1.0175545469782676,
      1.9727752647087085,
      1.5509642120036873,
      1.7067968726729472,
      0.7450216604350489,
      1.8800173768140627,
      1.2576736619814814,
      0.5104889660669159,
      0.9861918182867571,
      5.8435148577764355,
      3.82430669996229,
      3.16117361418698,
      3.775389222600726,
      4.362878212574723,
      2.1467228115267267,
      4.896621334493626,
      8.47608994486561,
      2.421634845091057,
      5.700906709731403,
      4.508529398599919,
      1.9743921335099426,
      3.562214259079989,
      1.0597518461151656,
      0.6624629473242716
    ],
    [
      6.634648210651915,
      6.334720620676424,
      0.44466832850720633,
      4.678366419910781,
      18.339700883968987,
      21.27707029262772,
      1.7304900731511816,
      3.273785041522408,
      4.478906920536168,
      1.3707379788011993,
      14.421465595831169,
      1.6406920978379205,
      2.3652393523942723,
      6.7072910998324256,
      3.9680711410600717,
      3.9293916201293513,
      2.0788032726193006,
      2.734700182197414,
      3.2189485773381463,
      6.0375757409887845,
      2.4189297617887213,
      3.4537993376125624,
      2.0815713683724417,
      2.720581867264858,
      3.4051327902365114,
      4.1966130095466445,
      3.0732220329814943,
      1.9164798579726074,
      1.357113718662624,
      2.5593449772225965,
      3.0334104570845484,
      5.149067166788433,
      2.895494755707761,
      1.8404360309610706,
      1.2280071043506338,
      13.730146748285852,
      7.195272612904443,
      19.20113646794409,
      12.53144337464025,
      6.69838501319001,
      11.058322168018362,
      7.809246080231509,
      1.5749346493672824,
      2.8410239386058276,
      16.58672657714331,
      1.032567404564217,
      2.0740016167541926,
      1.685798054297898,
      1.8119805078352798,
      0.005386878896763181,
      2.0406409629633804,
      0.7051062693232257,
      0.27407610965281265,
      0.5755221807313414,
      7.410580725457568,
      4.113797802475545,
      2.9432356560084627,
      4.65486845240593,
      5.555767920561433,
      2.0551429631336235,
      4.49039334570199,
      10.864589970986565,
      2.7619620885300535,
      7.702173982292483,
      6.468441664698713,
      2.4833385667702084,
      4.632081701842643,
      1.220328056445665,
      0.837564413241728
    ],
    [
      0.9571921103400787,
      10.398971806093453,
      0.28403607251365254,
      1.8593532128585557,
      8.171002618535974,
      8.87537739151507,
      1.2406337082319614,
      4.120685236586364,
      1.8506042007764916,
      1.0086237763414307,
      8.177801071814779,
      5.5155768669945155,
      5.097148912793285,
      4.282831975829551,
      2.4373908618033915,
      2.6008812066581584,
      1.7316816826657768,
      2.198559621352485,
      2.3026380126225994,
      2.4189297617887213,
      7.6627566132457865,
      8.13634085375657,
      4.551271828754417,
      4.228260284294848,
      7.065309030744536,
      7.445843951911733,
      4.876606999554789,
      2.3617968098335007,
      1.7647501792365747,
      1.4380822863248621,
      1.6358552148661116,
      4.4019648340224045,
      1.0731239738805063,
      2.7088985201894666,
      1.1191347113338228,
      5.534116179459397,
      2.8948988977662986,
      8.743131128941158,
      5.402502005854073,
      3.2846361982006074,
      4.882065361692662,
      1.7852124631074877,
      0.5953150839523534,
      1.3436999534904848,
      13.19805318996356,
      2.209190894701794,
      0.5024256763448297,
      -0.14084620592299105,
      1.382411695842162,
      0.5246490829027318,
      1.14457617681677,
      0.6498521994587104,
      1.9361005390791812,
      4.744840002979801,
      5.370479152975608,
      4.610153938561779,
      4.339358890690569,
      2.017375602764223,
      3.1543392578938647,
      1.737385246668724,
      5.958109868460292,
      -0.1300608609800494,
      -1.9300934617558823,
      4.216514804618788,
      3.9143540430795722,
      2.821239811079676,
      2.0832342961909376,
      1.240743800267726,
      2.1505326438242944
    ],
    [
      1.6418645343083342,
      12.621894455555331,
      0.39974020326397725,
      3.643336348122626,
      12.668736328406629,
      13.854104927289248,
      1.8938086972724661,
      5.139243411582836,
      3.21311959324233,
      1.4629498638627172,
      11.636216513192977,
      6.053885737426444,
      6.036486069945696,
      6.023460791315891,
      3.484765531394635,
      3.6062955027741594,
      2.2384235589332655,
      3.103499051679826,
      3.1476850724373335,
      3.4537993376125624,
      8.13634085375657,
      9.202421314993476,
      5.246728323783292,
      5.19967233741787,
      8.186978814779,
      8.685471250642353,
      5.904511617260343,
      2.929492755524961,
      2.215936596712832,
      2.216673044673555,
      2.534558733274062,
      6.050342151277774,
      2.0104879305513847,
      3.277693600069405,
      1.5617027974298074,
      8.565656190783988,
      4.696650850985048,
      13.342640742707573,
      8.352391806863785,
      4.940878985562706,
      7.4496378749361485,
      3.973416086486952,
      1.1067713063892826,
      2.5370644867058108,
      17.773885158001075,
      2.6384221284350713,
      1.0094672603868646,
      0.3590169757494639,
      1.958144608839096,
      0.5361253795572094,
      1.8204321721841439,
      0.9301235931895622,
      2.045021774570612,
      4.920964371338,
      7.803899745866239,
      5.674467471076802,
      5.365852845194168,
      3.4331535307393426,
      4.60675612017523,
      2.4122605654955254,
      7.459657527234324,
      2.581591815404128,
      -1.1908874360388244,
      6.174138413706765,
      5.390794132153103,
      3.483318983487164,
      3.677706254902367,
      1.6522455461212373,
      2.3614457202951056
    ],
    [
      1.3395006938906355,
      11.97953632662184,
      0.2925041037845503,
      2.6690229829241785,
      6.471379493166392,
      8.14285828716165,
      1.9657019925255241,
      4.635951936644322,
      2.5564325388480027,
      1.3177448048960991,
      7.697814843491633,
      6.651034208346449,
      5.667157185509729,
      4.3206410619399716,
      2.8158554085218115,
      2.72298630082899,
      1.8021170445226347,
      2.920053139839046,
      1.9071391222639817,
      2.0815713683724417,
      4.551271828754417,
      5.246728323783292,
      6.506879327247346,
      3.8272689374396442,
      5.0187645367751115,
      5.303901963636716,
      5.586960076952118,
      2.5575481856836677,
      2.0826986790910245,
      1.8507124082771387,
      2.215557488715303,
      5.4367793263529425,
      1.8925329489479794,
      3.090500969921318,
      1.854718345390606,
      4.629434250042826,
      3.1758472351820575,
